1;0.1
2;0.14285714285714285
3;0.125
4;1.0
5;1.0
6;1.0
7;1.0
8;1.0
9;1.0
10;0.0
11;0.0
12;0.0
13;0.0
14;0.0
15;0.0
16;0.0
17;0.0
18;0.0
19;0.0
20;0.0
21;0.0
22;0.0
23;0.0
24;0.0
25;0.0
26;0.0
27;0.0
28;0.0
29;0.0
30;0.0
31;0.0
32;0.0
33;0.0
34;0.0
35;0.0
36;1.0
37;1.0
38;1.0
39;0.5
40;0.3333333333333333
41;0.3333333333333333
42;0.25
43;0.25
44;0.007772020725388601
45;0.0
46;0.02570694087403599
47;0.02313624678663239
48;0.002570694087403599
49;0.002570694087403599
50;0.002570694087403599
51;0.0
52;0.0
53;0.002570694087403599
54;0.0
55;0.002570694087403599
56;0.002570694087403599
57;0.005141388174807198
58;0.007712082262210797
59;0.0
60;0.02056555269922879
61;0.015424164524421594
62;0.010282776349614395
63;0.0
64;0.0
65;0.0
66;0.02564102564102564
67;0.05641025641025641
68;0.06923076923076923
69;0.05641025641025641
70;0.020512820512820513
71;0.08205128205128205
72;0.9102564102564102
73;0.8923076923076924
74;0.8871794871794871
75;0.8435897435897436
76;0.6641025641025641
77;0.09230769230769231
78;0.05141388174807198
79;0.043701799485861184
80;0.043701799485861184
81;0.04884318766066838
82;0.017994858611825194
83;0.043701799485861184
84;0.028277634961439587
85;0.012853470437017995
86;0.005141388174807198
87;0.002570694087403599
88;0.002570694087403599
89;0.0
90;0.0
91;0.0
92;0.0
93;0.0
94;0.0
95;0.0
96;0.0
97;0.005141388174807198
98;0.005141388174807198
99;0.005141388174807198
100;0.010282776349614395
101;0.010282776349614395
102;0.007712082262210797
103;0.01278772378516624
104;0.015345268542199489
105;0.017902813299232736
106;0.017902813299232736
107;0.015345268542199489
108;0.017902813299232736
109;0.03836317135549872
110;0.08333333333333333
111;0.05370843989769821
112;0.04603580562659847
113;0.03580562659846547
114;0.03836317135549872
115;0.043478260869565216
116;0.03580562659846547
117;0.020460358056265986
118;0.0025575447570332483
119;0.0
120;0.0
121;0.0
122;0.0
123;0.0
124;0.0
125;0.0
126;0.0
127;0.0
128;0.0
129;0.0
130;0.0
131;0.0
132;0.0
133;0.0
134;0.0
135;0.0
136;0.0
137;0.0
138;0.0
139;0.0
140;0.0
141;0.0
142;0.0
143;0.0
144;0.0
145;0.0
146;0.002544529262086514
147;0.005089058524173028
148;0.010178117048346057
149;0.010178117048346057
150;0.03816793893129771
151;0.04071246819338423
152;0.02512562814070352
153;0.05527638190954774
154;0.02512562814070352
155;0.0025252525252525255
156;0.0
157;0.0025252525252525255
158;0.0
159;0.0
160;0.0
161;0.0
162;0.0
163;0.002512562814070352
164;0.005025125628140704
165;0.010050251256281407
166;0.037783375314861464
167;0.0327455919395466
168;0.030226700251889168
169;0.017632241813602016
170;0.012594458438287154
171;0.010075566750629723
172;0.04534005037783375
173;0.06532663316582915
174;0.06281407035175879
175;0.18592964824120603
176;0.26700251889168763
177;0.2367758186397985
178;0.24120603015075376
179;0.2638190954773869
180;0.2989949748743719
181;0.26884422110552764
182;0.27638190954773867
183;0.2914572864321608
184;0.29396984924623115
185;0.271356783919598
186;0.2989949748743719
187;0.28391959798994976
188;0.163727959697733
189;0.15365239294710328
190;0.17632241813602015
191;0.18387909319899245
192;0.1964735516372796
193;0.22670025188916876
194;0.3047858942065491
195;0.28967254408060455
196;0.2795969773299748
197;0.2594458438287154
198;0.43073047858942065
199;0.8463476070528967
200;0.8664987405541562
201;0.8790931989924433
202;0.9219143576826196
203;0.44836272040302266
204;0.45202020202020204
205;0.4508816120906801
206;0.8888888888888888
207;0.6388888888888888
208;0.5732647814910026
209;0.9443037974683545
210;0.9267676767676768
211;0.9215189873417722
212;0.8346456692913385
213;1.0
214;1.0
215;1.0
216;1.0
217;1.0
218;1.0
219;1.0
220;1.0
221;0.7606837606837606
222;0.7288135593220338
223;0.9093264248704663
224;0.8839050131926122
225;0.8670212765957447
226;0.8421052631578947
227;0.8333333333333334
228;0.5590551181102362
229;0.5390835579514824
230;0.35774647887323946
231;0.1737891737891738
232;0.14516129032258066
233;0.5892857142857143
234;0.54
235;0.9230769230769231
236;0.8888888888888888
237;0.8461538461538461
238;0.2318840579710145
239;0.3032258064516129
240;0.2301255230125523
241;0.22126436781609196
242;0.2344632768361582
243;0.1864406779661017
244;0.19491525423728814
245;0.18435754189944134
246;0.1989247311827957
247;0.20954907161803712
248;0.20105820105820105
249;1.0
250;1.0
251;0.1790633608815427
252;0.4
253;0.21649484536082475
254;0.18961038961038962
255;0.21963824289405684
256;0.46153846153846156
257;0.5
258;0.5833333333333334
259;0.4
260;0.5
261;0.5
262;1.0
263;0.5
264;0.7142857142857143
265;1.0
266;1.0
267;0.7777777777777778
268;0.6792452830188679
269;0.7321428571428571
270;0.6018518518518519
271;0.5267175572519084
272;0.2210796915167095
273;0.19743589743589743
274;0.21483375959079284
275;0.20053475935828877
276;0.17486338797814208
277;0.14804469273743018
278;0.41025641025641024
279;0.42857142857142855
280;0.7647058823529411
281;1.0
282;1.0
283;0.9444444444444444
284;1.0
285;0.9545454545454546
286;0.14240506329113925
287;0.20189274447949526
288;0.24629080118694363
289;0.2648809523809524
290;0.23853211009174313
291;0.2331288343558282
292;0.9166666666666666
293;0.9130434782608695
294;0.8
295;0.8148148148148148
296;0.9285714285714286
297;0.6521739130434783
298;0.8620689655172413
299;0.8518518518518519
300;0.8983050847457628
301;0.8545454545454545
302;0.6266666666666667
303;0.6216216216216216
304;0.7777777777777778
305;0.75
306;0.782608695652174
307;1.0
308;1.0
309;1.0
310;1.0
311;0.17676767676767677
312;0.12927756653992395
313;0.8
314;1.0
315;1.0
316;1.0
317;1.0
318;0.8823529411764706
319;0.56
320;0.5333333333333333
321;0.6792452830188679
322;0.765625
323;0.35517241379310344
324;0.2757731958762887
325;1.0
326;1.0
327;1.0
328;1.0
329;1.0
330;1.0
331;1.0
332;1.0
333;1.0
334;1.0
335;1.0
336;1.0
337;1.0
338;1.0
339;1.0
340;1.0
341;0.31151832460732987
342;0.5470737913486005
343;0.4744897959183674
344;0.5626598465473146
345;0.7672634271099744
346;0.8278688524590164
347;0.7636887608069164
348;0.6408668730650154
349;1.0
350;0.8571428571428571
351;0.9333333333333333
352;1.0
353;1.0
354;1.0
355;1.0
356;0.8888888888888888
357;0.9230769230769231
358;0.9285714285714286
359;0.9090909090909091
360;0.8048780487804879
361;0.7976190476190477
362;0.7294117647058823
363;0.7246376811594203
364;0.7333333333333333
365;0.75
366;0.6666666666666666
367;1.0
368;1.0
369;1.0
370;1.0
371;1.0
372;1.0
373;1.0
374;0.8333333333333334
375;0.8
376;0.9359430604982206
377;0.8865671641791045
378;0.8801089918256131
379;0.8412698412698413
380;0.662303664921466
381;0.23076923076923078
382;0.45977011494252873
383;0.8538011695906432
384;0.5
385;0.5454545454545454
386;0.75
387;0.6
388;0.75
389;0.4
390;0.3333333333333333
391;0.8
392;0.8980169971671388
393;0.9162162162162162
394;0.8769230769230769
395;0.8723958333333334
396;0.9249329758713136
397;0.9038961038961039
398;0.9023136246786633
399;0.8494897959183674
400;0.8578680203045685
401;0.6700507614213198
402;0.4770408163265306
403;0.4719387755102041
404;0.4904632152588556
405;0.696078431372549
406;0.7441860465116279
407;0.8125
408;0.7142857142857143
409;0.7555555555555555
410;0.8372093023255814
411;0.6
412;0.6666666666666666
413;1.0
414;1.0
415;1.0
416;1.0
417;1.0
418;1.0
419;1.0
420;1.0
421;1.0
422;1.0
423;1.0
424;1.0
425;1.0
426;1.0
427;1.0
428;0.9
429;0.9230769230769231
430;0.8909090909090909
431;0.7894736842105263
432;0.8148148148148148
433;0.7741935483870968
434;1.0
435;0.6666666666666666
436;0.6875
437;0.796875
438;0.47058823529411764
439;0.7106741573033708
440;0.6721763085399449
441;1.0
442;1.0
443;0.6925064599483204
444;0.522077922077922
445;1.0
446;0.7021276595744681
447;0.6933333333333334
448;0.4945945945945946
449;0.7130434782608696
450;0.7
451;0.5
452;0.0
453;0.0
454;0.0
455;0.5
456;0.7
457;0.6120689655172413
458;0.4596774193548387
459;0.45430809399477806
460;0.8888888888888888
461;0.17829457364341086
462;0.25384615384615383
463;0.21119592875318066
464;0.24808184143222506
465;0.258974358974359
466;0.5280612244897959
467;0.30357142857142855
468;0.4719387755102041
469;0.14910025706940874
470;1.0
471;0.09511568123393316
472;0.09718670076726342
473;0.08418367346938775
474;0.052083333333333336
475;0.0549738219895288
476;0.2222222222222222
477;0.3888888888888889
478;0.47058823529411764
479;0.4
480;0.4
481;1.0
482;1.0
483;1.0
484;1.0
485;1.0
486;1.0
487;0.6
488;0.056555269922879174
489;0.08205128205128205
490;0.08031088082901554
491;0.09207161125319693
492;0.22762148337595908
493;0.2608695652173913
494;0.13694267515923567
495;0.24920127795527156
496;0.3333333333333333
497;0.8125
498;0.75
499;1.0
500;0.5
501;0.75
502;0.23544973544973544
503;0.8518518518518519
504;0.0
505;0.47780678851174935
506;0.6194225721784777
507;0.5370370370370371
508;0.22972972972972974
509;1.0
510;1.0
511;0.8571428571428571
512;0.2396694214876033
513;1.0
514;1.0
515;1.0
516;0.4393063583815029
517;0.7142857142857143
518;0.8333333333333334
519;1.0
520;1.0
521;1.0
522;1.0
523;1.0
524;1.0
525;1.0
526;1.0
527;1.0
528;1.0
529;1.0
530;1.0
531;1.0
532;0.4911660777385159
533;0.45565749235474007
534;0.75
535;0.42382271468144045
536;0.32926829268292684
537;0.4341736694677871
538;0.6666666666666666
539;0.4461538461538462
540;0.4961636828644501
541;0.7857142857142857
542;0.5267175572519084
543;0.8549618320610687
544;0.7391304347826086
545;0.7007672634271099
546;1.0
547;0.48704663212435234
548;1.0
549;0.48148148148148145
550;0.4378698224852071
551;0.43670886075949367
552;0.4012539184952978
553;0.6666666666666666
554;1.0
555;1.0
556;0.8571428571428571
557;0.8913043478260869
558;0.8863636363636364
559;0.8936170212765957
560;0.897196261682243
561;0.4778481012658228
562;0.4786885245901639
563;0.8846153846153846
564;0.8409090909090909
565;0.8918918918918919
566;0.9444444444444444
567;0.9090909090909091
568;0.9090909090909091
569;0.918918918918919
570;1.0
571;0.9285714285714286
572;0.9285714285714286
573;0.5
574;1.0
575;1.0
576;1.0
577;0.6666666666666666
578;0.47058823529411764
579;1.0
580;1.0
581;1.0
582;0.6666666666666666
583;0.6666666666666666
584;1.0
585;0.8831168831168831
586;0.39941690962099125
587;0.7142857142857143
588;0.75
589;1.0
590;1.0
591;1.0
592;1.0
593;1.0
594;1.0
595;0.3333333333333333
596;0.6470588235294118
597;0.6666666666666666
598;0.6190476190476191
599;0.6143617021276596
600;0.6094986807387863
601;0.5926892950391645
602;0.639686684073107
603;0.8515625
604;0.802013422818792
605;0.8080808080808081
606;0.7905405405405406
607;0.8197278911564626
608;0.814621409921671
609;0.8552631578947368
610;0.9379562043795621
611;0.875
612;0.8026315789473685
613;0.8311688311688312
614;0.875
615;0.5
616;0.5
617;0.9090909090909091
618;0.9024390243902439
619;0.958041958041958
620;0.9685314685314685
621;0.9824561403508771
622;0.9929577464788732
623;1.0
624;1.0
625;1.0
626;1.0
627;1.0
628;1.0
629;1.0
630;0.9965156794425087
631;0.9496402877697842
632;0.6956521739130435
633;0.8576388888888888
634;1.0
635;1.0
636;1.0
637;1.0
638;1.0
639;1.0
640;1.0
641;0.7142857142857143
642;0.8910891089108911
643;0.9302325581395349
644;0.8977900552486188
645;0.9459459459459459
646;0.9442896935933147
647;0.9473684210526315
648;1.0
649;1.0
650;1.0
651;1.0
652;0.9473684210526315
653;0.95
654;1.0
655;1.0
656;0.8
657;0.8421052631578947
658;0.5
659;0.3333333333333333
660;1.0
661;0.5
662;1.0
663;1.0
664;0.762214983713355
665;1.0
666;1.0
667;1.0
668;1.0
669;1.0
670;0.8
671;0.8333333333333334
672;0.8333333333333334
673;0.8571428571428571
674;0.7564102564102564
675;0.8846153846153846
676;0.6829268292682927
677;0.4189189189189189
678;0.43661971830985913
679;0.4857142857142857
680;1.0
681;0.676923076923077
682;1.0
683;0.872
684;0.4957983193277311
685;0.7272727272727273
686;0.5
687;0.42857142857142855
688;0.5
689;0.6666666666666666
690;0.75
691;0.8333333333333334
692;0.35555555555555557
693;0.0
694;0.5
695;0.5
696;0.7994791666666666
697;0.7984496124031008
698;0.7551546391752577
699;0.3333333333333333
700;0.6666666666666666
701;0.5
702;0.0
703;1.0
704;1.0
705;0.0
706;0.0
707;0.061696658097686374
708;0.07493540051679587
709;0.06683804627249357
710;0.05912596401028278
711;0.0
712;0.01038961038961039
713;0.01288659793814433
714;0.0
715;0.0
716;0.015384615384615385
717;0.007712082262210797
718;0.002570694087403599
719;0.005115089514066497
720;0.01804123711340206
721;0.026525198938992044
722;0.5
723;0.028350515463917526
724;0.01804123711340206
725;0.006688963210702341
726;0.08333333333333333
727;0.045454545454545456
728;0.0
729;0.0
730;0.1111111111111111
731;0.020887728459530026
732;0.026525198938992044
733;0.04461942257217848
734;0.0
735;0.0
736;0.0
737;0.0
738;0.0
739;0.0
740;0.3333333333333333
741;0.044386422976501305
742;0.0
743;0.05412371134020619
744;0.09923664122137404
745;0.19543147208121828
746;0.25380710659898476
747;0.2853470437017995
748;0.25268817204301075
749;0.40329218106995884
750;0.7075471698113207
751;0.6825396825396826
752;0.6666666666666666
753;0.5748031496062992
754;0.4743083003952569
755;0.49603174603174605
756;0.7983193277310925
757;0.46956521739130436
758;0.8468468468468469
759;1.0
760;0.8333333333333334
761;0.8360655737704918
762;0.8455284552845529
763;0.7324414715719063
764;0.8095238095238095
765;0.7197452229299363
766;0.7242424242424242
767;0.7523809523809524
768;0.9041916167664671
769;0.9226190476190477
770;0.875
771;0.8653846153846154
772;0.8490566037735849
773;0.8226950354609929
774;0.6482758620689655
775;0.7116279069767442
776;0.6666666666666666
777;0.8636363636363636
778;0.8636363636363636
779;1.0
780;0.7222222222222222
781;0.8099547511312217
782;0.6755555555555556
783;0.5
784;0.7584097859327217
785;0.8170731707317073
786;0.8209876543209876
787;0.6956521739130435
788;0.8235294117647058
789;0.8421052631578947
790;0.8571428571428571
791;1.0
792;1.0
793;1.0
794;1.0
795;0.8571428571428571
796;1.0
797;1.0
798;1.0
799;0.8571428571428571
800;0.6
801;0.9047619047619048
802;0.5696594427244582
803;0.608955223880597
804;0.8
805;0.5927051671732523
806;0.5095541401273885
807;0.8181818181818182
808;0.8006872852233677
809;0.6028368794326241
810;0.8
811;0.8333333333333334
812;1.0
813;1.0
814;1.0
815;1.0
816;1.0
817;0.9285714285714286
818;0.7551020408163265
819;0.8431372549019608
820;0.7636363636363637
821;0.8057742782152231
822;0.8203389830508474
823;1.0
824;1.0
825;1.0
826;1.0
827;0.7647058823529411
828;0.8076923076923077
829;0.8571428571428571
830;0.8679245283018868
831;0.8623376623376623
832;0.9042553191489362
833;0.8844086021505376
834;0.8933333333333333
835;0.8552631578947368
836;0.8350785340314136
837;0.8264248704663213
838;0.7142857142857143
839;0.6027397260273972
840;0.5714285714285714
841;0.4
842;0.8
843;1.0
844;1.0
845;1.0
846;1.0
847;1.0
848;0.7941952506596306
849;0.7740259740259741
850;0.5751295336787565
851;0.42896935933147634
852;0.7177177177177178
853;0.30434782608695654
854;0.6470588235294118
855;0.6521739130434783
856;0.0
857;0.0
858;0.6923076923076923
859;0.4444444444444444
860;0.5263157894736842
861;0.6111111111111112
862;0.5
863;0.5263157894736842
864;0.6808510638297872
865;0.4785276073619632
866;0.17746478873239438
867;0.3385012919896641
868;0.3695090439276486
869;0.670076726342711
870;0.5555555555555556
871;0.649867374005305
872;0.7586206896551724
873;0.42857142857142855
874;0.42857142857142855
875;0.6539440203562341
876;1.0
877;0.8448275862068966
878;0.8983050847457628
879;0.8615384615384616
880;0.9253731343283582
881;0.8947368421052632
882;0.7619047619047619
883;0.5
884;0.8355263157894737
885;0.918918918918919
886;0.9299191374663073
887;0.9478021978021978
888;0.9460916442048517
889;0.8814432989690721
890;0.9411764705882353
891;0.8814432989690721
892;0.5555555555555556
893;0.4444444444444444
894;0.9370629370629371
895;0.8067885117493473
896;0.4816753926701571
897;0.7948717948717948
898;0.5
899;0.4186046511627907
900;0.7
901;0.5
902;0.3333333333333333
903;0.5
904;0.5
905;0.0
906;0.14285714285714285
907;0.6545454545454545
908;0.45161290322580644
909;0.39759036144578314
910;0.43902439024390244
911;0.2625
912;0.312
913;0.768976897689769
914;0.5892857142857143
915;0.5
916;0.6354430379746835
917;0.6303797468354431
918;0.3106060606060606
919;0.08585858585858586
920;0.29545454545454547
921;0.027777777777777776
922;0.0
923;0.0
924;0.0
925;0.0
926;0.0
927;0.0
928;0.0
929;0.0
930;0.002531645569620253
931;0.002531645569620253
932;0.002531645569620253
933;0.002531645569620253
934;0.002531645569620253
935;0.0
936;0.002531645569620253
937;0.002531645569620253
938;0.002531645569620253
939;0.005063291139240506
940;0.0
941;0.0
942;0.0
943;0.0
944;0.0
945;1.0
946;1.0
947;1.0
948;1.0
949;1.0
950;0.5
951;0.5
952;0.0
953;0.0
954;0.0
955;1.0
956;1.0
957;0.005037783375314861
958;0.005037783375314861
959;0.010075566750629723
960;0.012594458438287154
961;0.020202020202020204
962;0.007594936708860759
963;0.010126582278481013
964;0.007594936708860759
965;0.007575757575757576
966;0.010101010101010102
967;0.022727272727272728
968;0.022727272727272728
969;0.025252525252525252
970;1.0
971;0.025380710659898477
972;0.0
973;0.022727272727272728
974;0.09343434343434344
975;0.23232323232323232
976;0.5
977;1.0
978;1.0
979;1.0
980;1.0
981;1.0
982;1.0
983;1.0
984;1.0
985;1.0
986;1.0
987;1.0
988;1.0
989;1.0
990;1.0
991;1.0
992;1.0
993;1.0
994;1.0
995;1.0
996;1.0
997;1.0
998;1.0
999;1.0
1000;1.0
1001;1.0
1002;1.0
1003;1.0
1004;1.0
1005;1.0
1006;1.0
1007;1.0
1008;1.0
1009;0.05063291139240506
1010;0.035443037974683546
1011;0.03299492385786802
1012;0.02284263959390863
1013;0.08883248730964467
1014;0.17258883248730963
1015;0.0916030534351145
1016;0.15267175572519084
1017;0.178117048346056
1018;1.0
1019;1.0
1020;1.0
1021;1.0
1022;1.0
1023;1.0
1024;1.0
1025;1.0
1026;1.0
1027;1.0
1028;1.0
1029;1.0
1030;1.0
1031;0.5699745547073791
1032;0.5419847328244275
1033;0.8756345177664975
1034;0.7842639593908629
1035;0.3020304568527919
1036;0.3553299492385787
1037;0.44050632911392407
1038;0.4911392405063291
1039;0.7822784810126582
1040;0.7468354430379747
1041;0.6313131313131313
1042;0.7531806615776081
1043;1.0
1044;1.0
1045;1.0
1046;1.0
1047;1.0
1048;1.0
1049;1.0
1050;1.0
1051;1.0
1052;1.0
1053;0.6666666666666666
1054;0.8934010152284264
1055;0.8857868020304569
1056;1.0
1057;0.6666666666666666
1058;0.8911392405063291
1059;0.6923076923076923
1060;0.5714285714285714
1061;0.5714285714285714
1062;0.5714285714285714
1063;0.5
1064;0.5
1065;0.5
1066;0.75
1067;0.75
1068;0.8940568475452196
1069;0.9040404040404041
1070;0.9065656565656566
1071;0.9367088607594937
1072;0.9772151898734177
1073;0.5714285714285714
1074;0.4
1075;0.6
1076;1.0
1077;1.0
1078;1.0
1079;1.0
1080;1.0
1081;1.0
1082;1.0
1083;1.0
1084;1.0
1085;1.0
1086;0.6666666666666666
1087;0.8333333333333334
1088;1.0
1089;1.0
1090;1.0
1091;1.0
1092;1.0
1093;1.0
1094;1.0
1095;1.0
1096;1.0
1097;1.0
